Locus_no Locus_ID Rsid Chr Pos_GRCh37 EA OA EAF_mig Beta_mig SE_mig P_mig EAF_MA Beta_MA SE_MA P_MA EAF_MO Beta_MO SE_MO P_MO
1 PRDM16 rs10218452 1 3075597 G A 0.229 0.11 0.0062 7.26e-71 0.207195 0.07955 0.019347 3.97e-05 0.207542 0.10319 0.019806 1.93e-07
2 CAMTA1 rs10128028 1 7055843 T C 0.519 0.03 0.0052 7.66e-09 0.510517 0.034225 0.013293 0.010051 0.510492 0.024481 0.013632 0.072536
3 TMEM51 rs12057629 1 15538493 C T 0.356 0.04 0.0054 9.38e-14 0.342387 0.029886 0.013895 0.031506 0.343513 0.070403 0.014193 7.17e-07
4 INPP5B rs28739509 1 38366907 C T 0.273 0.039 0.0061 2.64e-10 0.267129 0.030535 0.01598 0.056036 0.266921 0.0576 0.016923 0.000669
5 MACF1 rs1472662 1 39590409 T G 0.216 0.035 0.0062 1.75e-08 0.219837 0.038959 0.01593 0.014478 0.21988 0.066389 0.016096 3.76e-05
6 C1orf87 rs11578492 1 60529980 C A 0.42 0.031 0.0054 6.25e-09 0.427323 0.0179 0.014948 0.231114 0.427134 0.048642 0.015223 0.001404
7 near_LEPR rs7511672 1 66178918 G A 0.538 0.031 0.0052 1.43e-09 0.549116 0.013708 0.013392 0.305997 0.548204 0.054037 0.013643 7.55e-05
8 near_RP4-598G3.1 rs56019088 1 73891226 I D 0.484 0.045 0.0063 7.32e-13 0.485711 -0.004468 0.019379 0.817628 0.486165 0.040582 0.021831 0.063045
9 TGFBR3 rs11165300 1 92177663 G T 0.239 0.033 0.006 4.72e-08 0.248256 0.031204 0.015405 0.042828 0.248181 0.033071 0.015644 0.034538
10 near_TSPAN2 rs2078371 1 115677183 C T 0.117 0.106 0.0078 5.87e-42 0.115273 0.052437 0.020691 0.011286 0.11545 0.159176 0.02049 8.33e-15
11 near_ADAMTSL4 rs6693567 1 150510660 C T 0.269 0.043 0.0059 1.25e-13 0.277661 0.013542 0.015286 0.37565 0.277979 0.065233 0.015403 2.31e-05
12 MEF2D rs2274319 1 156450873 T C 0.347 0.073 0.0054 2.74e-41 0.355718 0.046751 0.01394 0.000802 0.355394 0.108371 0.014126 1.77e-14
13 RABGAP1L rs11487328 1 174601659 G C 0.746 0.048 0.0086 1.7e-08 0.683861 0.042217 0.017053 0.013317 0.683116 0.008488 0.018837 0.652298
14 PLA2G4A rs6668908 1 186913055 G T 0.669 0.031 0.0055 2.22e-08 0.672612 0.014822 0.014121 0.293863 0.672163 0.024131 0.014403 0.093846
15 near_MAPKAPK2 rs56140113 1 206843108 C T 0.78 0.037 0.0064 7.76e-09 0.761585 0.045976 0.015941 0.003938 0.761711 -0.005818 0.016159 0.718815
16 KIF26B rs72764846 1 245847455 G A 0.784 0.038 0.0064 5.41e-09 0.778725 0.014287 0.016087 0.374471 0.779009 0.018724 0.01688 0.267328
17 THADA rs12712881 2 43649780 A C 0.435 0.033 0.0052 3.5e-10 0.450451 0.015241 0.013406 0.255549 0.44992 0.030247 0.013666 0.026896
18 ANKRD36C rs4907224 2 96576609 A T 0.676 0.036 0.0059 1.63e-09 0.660746 0.04577 0.014852 0.002066 0.661581 0.009526 0.0157 0.544024
19 ZEB2 rs7564469 2 145258445 C T 0.161 0.041 0.0071 5.06e-09 0.166387 0.05772 0.018354 0.00167 0.166442 0.051899 0.019014 0.006359
20 near_AC064865.1 rs895219 2 146037564 C T 0.3 0.037 0.0056 3.74e-11 0.30147 0.038952 0.014463 0.007092 0.301332 0.035062 0.014819 0.018003
21 near_RNU6-546P rs843215 2 156416638 G A 0.468 0.029 0.0051 2.61e-08 0.461254 0.027704 0.013272 0.036867 0.461427 0.043917 0.013514 0.001161
22 MYO3B rs4668251 2 171234235 G C 0.71 0.033 0.0058 7.58e-09 0.717717 0.011953 0.015022 0.426211 0.717127 0.02373 0.015317 0.121314
23 near_HOXD10 rs72923449 2 176978383 C A 0.036 0.078 0.0142 4.66e-08 0.033058 0.08214 0.044445 0.064591 0.03317 0.091188 0.046506 0.049922
24 CARF rs138556413 2 203832867 C T 0.964 0.129 0.0159 4.15e-16 0.964542 0.133941 0.054355 0.013752 0.964506 0.193373 0.056879 0.000679
25 near_TRPM8 rs10166942 2 234825093 T C 0.805 0.099 0.0066 9.35e-51 0.798093 0.086682 0.016973 3.34e-07 0.798203 0.15115 0.017453 4.96e-18
26 near_TGFBR2 rs7371912 3 30472786 A G 0.303 0.044 0.0057 1.06e-14 0.307027 0.063986 0.014803 1.56e-05 0.307061 0.036871 0.01516 0.015033
27 ATRIP rs7618883 3 48498456 T A 0.458 0.028 0.0052 4.16e-08 0.464511 0.028346 0.013491 0.035651 0.464614 0.047997 0.013623 0.000429
28 near_HNRNPA3P8 rs950570 3 80302512 T C 0.071 0.057 0.01 1.3e-08 0.066719 0.106148 0.026088 4.77e-05 0.067147 0.058383 0.026725 0.028939
29 near_CADM2 rs73138150 3 86149109 T A 0.317 0.033 0.0058 1.95e-08 0.327752 0.010423 0.014783 0.48078 0.327266 0.008884 0.015143 0.557451
30 near_C3orf38 rs6795209 3 88210464 A G 0.191 0.041 0.0072 1.23e-08 0.174171 0.036088 0.019283 0.061285 0.176212 -0.002365 0.020042 0.906058
31 ITGB5 rs1499963 3 124607055 C T 0.679 0.032 0.0056 7.48e-09 0.680617 0.033133 0.014317 0.020678 0.679375 0.036235 0.014433 0.012075
32 near_GPR149 rs13078967 3 154289946 A C 0.973 0.146 0.0178 2.16e-16 0.972 0.118967 0.052568 0.023652 0.972261 0.178461 0.055502 0.001309
33 near_SEC63P2 rs73805934 4 35469918 G C 0.823 0.042 0.0069 1.11e-09 0.815978 0.050913 0.01756 0.00375 0.816194 0.085387 0.018062 2.31e-06
34 near_SPINK2 rs7684253 4 57727311 T C 0.55 0.039 0.0052 4.21e-14 0.551602 -0.00735 0.013475 0.585441 0.551361 0.081515 0.013645 2.38e-09
35 ANKDD1B rs42854 5 74963277 G C 0.312 0.039 0.0055 9.4e-13 0.304108 0.03622 0.013687 0.008156 0.305604 0.06001 0.014378 3.03e-05
36 near_SSBP2 rs12653216 5 81129663 T C 0.212 0.037 0.0064 8.08e-09 0.23121 0.041715 0.016032 0.009285 0.23036 0.031892 0.016366 0.051347
37 near_ZNF474 rs11957829 5 121515195 G A 0.172 0.041 0.0068 1.58e-09 0.150072 0.030714 0.018379 0.094686 0.150718 0.070415 0.018616 0.000157
38 SNX24 rs246326 5 122306398 T C 0.126 0.048 0.0077 6.8e-10 0.119019 0.044013 0.020232 0.029623 0.119002 0.034732 0.020474 0.089818
39 near_POU4F3 rs10038882 5 145752008 T C 0.748 0.042 0.006 1.33e-12 0.750112 0.030833 0.015655 0.048915 0.750109 0.087054 0.015858 4.13e-08
40 TIGD6|HMGXB3 rs4705403 5 149380493 A G 0.104 0.047 0.0083 1.18e-08 0.092083 0.049454 0.022986 0.031459 0.092387 0.00466 0.023707 0.844162
41 near_NKX2-5 rs6556059 5 172645766 T C 0.363 0.034 0.0055 8.16e-10 0.365654 0.022705 0.014196 0.109729 0.367097 0.029122 0.014396 0.043094
42 NSD1 rs10866704 5 176676461 A T 0.739 0.038 0.0068 2.1e-08 0.744569 0.010003 0.02445 0.682467 0.742263 0.081776 0.025233 0.001198
43 PHACTR1 rs9349379 6 12903957 A G 0.59 0.077 0.0053 1.41e-47 0.593212 0.032481 0.013783 0.01846 0.593486 0.132104 0.014445 6.31e-20
44 near_PRL rs9295536 6 22131929 C A 0.562 0.036 0.0052 7.75e-12 0.564592 0.021436 0.013431 0.11049 0.565359 0.03929 0.01376 0.004312
45 near_IER3 rs9468830 6 30749712 T G 0.706 0.036 0.0064 2.38e-08 0.73627 0.0166 0.016748 0.32157 0.735859 0.009972 0.017988 0.579365
46 EHMT2 rs74434374 6 31850308 C A 0.949 0.074 0.0126 4.52e-09 0.944149 0.069084 0.030356 0.022879 0.944353 0.071907 0.030492 0.018386
47 KCNK5 rs10456100 6 39183470 T C 0.281 0.051 0.0057 9.16e-19 0.289698 0.016876 0.014917 0.257897 0.289933 0.078968 0.015001 1.44e-07
48 near_KRT19P1 rs34273564 6 72321017 T C 0.481 0.034 0.0052 1e-10 0.484996 0.032011 0.013331 0.016364 0.48478 0.049291 0.013637 0.000303
49 FHL5 rs11153082 6 97059666 G A 0.331 0.084 0.0054 7.26e-54 0.324553 0.089321 0.014028 1.99e-10 0.324853 0.135269 0.014249 2.38e-21
50 REV3L rs6568677 6 111713302 A G 0.209 0.035 0.0063 2.09e-08 0.208172 0.008112 0.016211 0.616792 0.207867 -0.023248 0.016775 0.165763
51 near_GJA1 rs28455731 6 121846038 T G 0.157 0.069 0.007 8.82e-23 0.163899 0.048747 0.01816 0.007284 0.163983 0.111467 0.018147 8.36e-10
52 near_PCMT1 rs9383843 6 150133954 C A 0.647 0.033 0.0055 1.35e-09 0.654835 0.030971 0.013996 0.02693 0.654795 0.026316 0.013837 0.057208
53 SUGCT rs10234636 7 40427617 T C 0.111 0.089 0.0081 4.43e-28 0.106478 0.08715 0.021007 3.38e-05 0.109402 0.116486 0.021246 4.29e-08
54 MLXIPL rs13235543 7 73013901 C T 0.873 0.058 0.008 3.06e-13 0.874805 0.014717 0.020706 0.477232 0.87481 0.067582 0.021376 0.001576
55 TSPAN12 rs56067931 7 120481569 C T 0.8 0.036 0.0065 4.83e-08 0.791905 0.030755 0.016572 0.063491 0.792646 0.03041 0.016937 0.072596
56 PTK2B rs11782789 8 27266287 A T 0.836 0.041 0.007 3.03e-09 0.842485 0.03933 0.018467 0.033214 0.842468 0.036981 0.018599 0.046793
57 near_RP11-573J24.1 rs4739105 8 64496159 T C 0.211 0.036 0.0064 2.85e-08 0.204527 0.007787 0.016395 0.634848 0.206869 0.019201 0.016735 0.2512
58 NFIB rs580845 9 14103618 A C 0.601 0.03 0.0055 4.3e-08 0.619011 0.03669 0.017013 0.03106 0.618537 0.061746 0.017301 0.000361
59 near_RP11-373A6.1 rs10156578 9 29372501 C G 0.433 0.037 0.0053 3.34e-12 0.418841 0.009829 0.013563 0.468665 0.419883 0.045932 0.01376 0.000848
60 TJP2 rs7034179 9 71746838 T C 0.429 0.043 0.0052 1.6e-16 0.431069 0.032091 0.012795 0.012161 0.430609 0.053136 0.013694 0.000105
61 ZNF462 rs17723637 9 109687403 G A 0.15 0.041 0.0072 8.63e-09 0.15523 0.023867 0.018712 0.202113 0.155053 0.073932 0.018712 7.85e-05
62 ASTN2 rs3891689 9 119258583 C T 0.234 0.058 0.0061 2.28e-21 0.233572 0.048237 0.015921 0.002456 0.233835 0.122573 0.015935 1.52e-14
63 near_EHMT1 rs4278223 9 140743200 T A 0.636 0.045 0.0073 6.24e-10 0.638009 -0.006872 0.026562 0.79585 0.637699 -0.039486 0.03408 0.246581
64 near_RNA5SP299 rs7916911 10 8722944 T G 0.284 0.04 0.0057 3.18e-12 0.273382 0.022435 0.014726 0.127629 0.275674 0.033076 0.015012 0.027591
65 near_MLLT10 rs10828247 10 21822856 G A 0.347 0.034 0.0059 7.51e-09 0.330109 0.027702 0.014139 0.050104 0.33078 0.049392 0.01414 0.000481
66 PLCE1 rs2274224 10 96039597 G C 0.561 0.055 0.0052 3.28e-26 0.55532 0.055279 0.013552 4.57e-05 0.555472 0.084855 0.013763 7.25e-10
67 HPSE2 rs12260159 10 100702737 G A 0.925 0.083 0.0103 7.33e-16 0.930195 0.038304 0.027285 0.16034 0.929862 0.10681 0.028444 0.000175
68 CNNM2 rs12260436 10 104741114 C A 0.257 0.036 0.0058 7.29e-10 0.251283 0.072314 0.020317 0.000374 0.251514 0.051615 0.020167 0.010506
69 RBM20 rs869432 10 112502662 A C 0.584 0.029 0.0053 3.54e-08 0.59076 0.014715 0.013657 0.281249 0.590756 0.014074 0.014272 0.32406
70 HTRA1 rs2672592 10 124230750 T G 0.363 0.038 0.0054 1.22e-12 0.358513 0.015962 0.013944 0.252308 0.358561 0.059831 0.014046 2.07e-05
71 near_GPR26 rs11248546 10 125242283 C T 0.564 0.037 0.0052 1.59e-12 0.553784 0.024156 0.01326 0.068498 0.553936 0.055914 0.013713 4.6e-05
72 INPP5A rs200314499 10 134479675 D I 0.34 0.045 0.0065 6.92e-12 0.339699 0.023842 0.021975 0.277931 0.339771 0.018246 0.025291 0.470651
73 MRGPRE rs12295710 11 3249984 T C 0.471 0.045 0.0055 2.86e-16 0.48242 0.016192 0.012862 0.208036 0.482086 0.065802 0.01452 5.93e-06
74 MRVI1 rs4910165 11 10674044 G C 0.678 0.057 0.0055 1.09e-24 0.671123 0.067073 0.014272 2.65e-06 0.671464 0.099675 0.014568 8.1e-12
75 near_INSC rs1003194 11 15126085 A G 0.383 0.034 0.0054 2.43e-10 0.383705 0.046111 0.013737 0.000793 0.383824 0.034482 0.014234 0.015435
76 MPPED2 rs11031122 11 30547438 C T 0.243 0.037 0.0059 6.91e-10 0.233609 0.088174 0.015179 6.45e-09 0.233527 -0.008552 0.015873 0.590073
77 AMBRA1 rs7932866 11 46548094 A G 0.836 0.043 0.0072 2.38e-09 0.833251 0.093569 0.025587 0.000257 0.832774 0.043284 0.024945 0.082714
78 near_RAB3IL1 rs12787928 11 61697078 A T 0.482 0.03 0.0053 6.85e-09 0.477977 0.042862 0.018006 0.017312 0.476995 0.021112 0.018174 0.245357
79 RBM14-RBM4|RBM4 rs566673 11 66401373 G T 0.462 0.03 0.0053 9.07e-09 0.480515 0.006726 0.013531 0.619146 0.480482 0.00917 0.013872 0.508601
80 YAP1 rs12226331 11 102070976 T A 0.348 0.04 0.0054 1.92e-13 0.334986 0.017288 0.014083 0.219593 0.335439 0.026771 0.014043 0.056626
81 near_SPATA19 rs10894756 11 133745852 G A 0.573 0.029 0.0053 2.83e-08 0.56328 0.040095 0.013845 0.00379 0.56372 0.014531 0.014163 0.304877
82 near_FGF6 rs2160875 12 4527322 C T 0.477 0.065 0.0052 2.72e-36 0.486454 0.05076 0.013264 0.000131 0.48649 0.110998 0.013542 2.6e-16
83 PDZRN4 rs1458170 12 41901277 C T 0.844 0.042 0.0071 5.75e-09 0.849632 0.041242 0.018247 0.023828 0.849348 0.054886 0.018588 0.003161
84 LRP1 rs11172113 12 57527283 T C 0.585 0.107 0.0053 1.38e-90 0.559725 0.074955 0.013464 2.65e-08 0.56083 0.156602 0.013865 1.51e-29
85 ATP2B1 rs4842676 12 90091782 C G 0.817 0.041 0.0069 2.26e-09 0.8111 0.028869 0.017786 0.104546 0.810784 0.052037 0.018153 0.004161
86 near_RP11-690J15.1 rs10777902 12 98498223 A C 0.498 0.033 0.0051 1.25e-10 0.50383 0.022048 0.013282 0.09691 0.503512 0.00986 0.013234 0.456254
87 NCOR2 rs1271309 12 124820705 G A 0.836 0.04 0.0073 3.74e-08 0.819871 0.025639 0.017929 0.15268 0.819776 0.052351 0.018338 0.00432
88 LRCH1 rs7335684 13 47193696 G A 0.247 0.034 0.006 1.05e-08 0.256358 0.012477 0.015219 0.41231 0.256472 0.061069 0.015379 7.23e-05
89 RNF219-AS1 rs7996252 13 78876537 T C 0.596 0.029 0.0053 4.11e-08 0.585579 0.029547 0.01357 0.029478 0.585477 0.060031 0.013865 1.51e-05
90 near_COL4A1 rs2000660 13 110788441 A G 0.092 0.05 0.0091 4.95e-08 0.088607 0.082881 0.023419 0.000404 0.088694 0.051663 0.02365 0.028945
91 near_RP11-384J4.2 rs1245463 14 27661650 A G 0.388 0.04 0.0053 5.72e-14 0.3843 0.005089 0.013629 0.708885 0.384473 0.034051 0.013931 0.014536
92 near_LRFN5 rs1542668 14 42548912 G A 0.671 0.031 0.0055 2.53e-08 0.674787 0.048154 0.015226 0.001571 0.679863 0.023781 0.014334 0.097092
93 near_ARID4A rs28756401 14 58761912 G A 0.715 0.033 0.0058 6.4e-09 0.717123 0.021725 0.014638 0.137755 0.717219 0.040363 0.015093 0.007506
94 DLST rs55707505 14 75362552 T C 0.675 0.031 0.0055 2.48e-08 0.69151 0.056645 0.014194 6.65e-05 0.691253 0.049449 0.014518 0.000663
95 IFT43 rs75002882 14 76496477 G T 0.988 0.157 0.0273 9.22e-09 0.991441 -0.198878 0.12942 0.124363 0.991277 -0.234978 0.191939 0.220845
96 near_ITPK1 rs11624776 14 93595591 A C 0.684 0.05 0.0056 9.75e-19 0.694127 0.023734 0.014674 0.105792 0.693804 0.043033 0.015244 0.004771
97 SERPINA1 rs28929474 14 94844947 T C 0.019 0.111 0.0186 2.54e-09 0.015834 0.005469 0.063643 0.931497 0.016046 0.172369 0.063733 0.006856
98 ABHD17C rs12708529 15 81022364 A G 0.73 0.036 0.0058 8.11e-10 0.725824 0.036013 0.014852 0.015338 0.725807 0.015202 0.015105 0.3142
99 HMOX2 rs12598836 16 4534482 G A 0.304 0.038 0.0059 2.21e-10 0.294653 0.082738 0.014889 2.81e-08 0.294624 0.001916 0.015424 0.901093
100 CFDP1 rs8046696 16 75442143 T G 0.428 0.041 0.0055 4.76e-14 0.413464 0.046074 0.013711 0.000783 0.413231 0.030172 0.014114 0.032564
101 near_ZCCHC14 rs8052831 16 87578039 G A 0.344 0.043 0.0055 8.25e-15 0.341884 0.021249 0.014682 0.147804 0.342187 0.041098 0.014768 0.0054
102 SMG6 rs9894634 17 1967501 C T 0.403 0.034 0.0052 9.64e-11 0.40592 0.023593 0.013469 0.079835 0.405937 0.018711 0.013764 0.174008
103 ZBTB4 rs34914463 17 7366619 T C 0.871 0.049 0.0082 2.41e-09 0.877529 0.058206 0.021049 0.005702 0.877008 0.01617 0.022127 0.464925
104 HOXB3 rs11652860 17 46632679 G C 0.508 0.031 0.0055 1.07e-08 0.499851 0.031862 0.013498 0.018272 0.499943 0.029989 0.013843 0.030306
105 RP11-81K2.1 rs2119930 17 47514039 G T 0.405 0.041 0.0052 6.69e-15 0.403796 0.036219 0.013699 0.00821 0.403885 0.044252 0.013862 0.001418
106 MRC2 rs12452590 17 60720058 G T 0.375 0.038 0.0059 2.03e-10 0.369064 0.038595 0.014364 0.007228 0.368699 0.052741 0.014935 0.000416
107 TBC1D16 rs1285294 17 77925681 C T 0.616 0.03 0.0055 4.32e-08 0.622303 0.02754 0.017124 0.107773 0.622326 0.042878 0.017503 0.014319
108 RNF213 rs8077768 17 78256432 C T 0.477 0.04 0.0056 9.32e-13 0.488357 0.026219 0.014677 0.074032 0.488526 0.063191 0.015571 5e-05
109 near_RBBP8 rs7506921 18 20201527 A T 0.532 0.039 0.0057 1.17e-11 0.502181 0.023994 0.014159 0.090154 0.50237 0.057571 0.014783 9.93e-05
110 near_SKOR2 rs1019990 18 44866736 C T 0.704 0.039 0.0057 1e-11 0.691018 0.025036 0.014605 0.086489 0.691591 0.072202 0.01506 1.66e-06
111 near_FECH rs8087942 18 55192245 A G 0.667 0.039 0.0055 9.71e-13 0.672173 -0.009356 0.014063 0.505912 0.672304 0.057151 0.014571 8.86e-05
112 CACNA1A rs10405121 19 13339128 G A 0.548 0.033 0.0053 4.74e-10 0.543512 0.07279 0.013754 1.23e-07 0.543195 0.008492 0.014277 0.551982
113 SUGP1 rs74182632 19 19406126 A G 0.055 0.064 0.0112 1.43e-08 0.05686 0.089785 0.02801 0.001355 0.056751 0.042174 0.029253 0.14938
114 B9D2|TMEM91 rs1982072 19 41864509 A T 0.7 0.037 0.0056 4.22e-11 0.714185 0.045286 0.014738 0.002129 0.713378 0.032864 0.014892 0.02735
115 near_JAG1 rs111404218 20 10684159 G C 0.337 0.044 0.0069 2.04e-10 0.343509 0.050279 0.024679 0.041637 0.34488 0.039615 0.022287 0.075494
116 SLC24A3 rs4814864 20 19469817 C G 0.254 0.065 0.0058 1.44e-28 0.248852 0.045117 0.015131 0.002877 0.249351 0.09031 0.015301 3.69e-09
117 C20orf112 rs6057599 20 31168439 T C 0.335 0.041 0.0055 8.73e-14 0.347117 0.039497 0.014954 0.008279 0.346102 0.05684 0.014452 8.47e-05
118 ZMYND8 rs910187 20 45841052 G A 0.628 0.035 0.0054 1.14e-10 0.623914 0.024497 0.013848 0.076907 0.623506 0.036182 0.014175 0.010711
119 near_MRPS6 rs28451064 21 35593827 G A 0.869 0.063 0.008 3.52e-15 0.87015 0.055619 0.020692 0.007204 0.870212 0.069762 0.021579 0.001232
120 RUNX1 rs764508 21 36935896 C T 0.37 0.032 0.0053 3.28e-09 0.364463 0.041225 0.013635 0.002508 0.364186 0.005755 0.013924 0.679378
121 near_AC006547.14 rs625686 22 20142932 C T 0.306 0.034 0.0059 8.26e-09 0.338517 0.013687 0.018084 0.449147 0.337982 0.052025 0.018477 0.004881
122 near_FAM47A rs1507220 X 34102712 A C 0.301 0.028 0.005 2.67e-08 0.288564 0.023761 0.017034 0.163041 0.289028 0.009816 0.018739 0.600399
123 near_MED14 rs4403550 X 40746484 T C 0.712 0.031 0.0051 3.07e-09 0.713951 0.072551 0.01806 5.95e-05 0.713695 0.020752 0.019604 0.289784
